81.01089475308147 1
170.06981913906426 2
191.18868793229433 2
214.6540977025498 2
240.7267752250559 2
269.6964169167292 2
301.884907685255 2
337.6498974280615 2
377.38877492006867 2
421.54308324452074 1
525.1149175858288 1
470.603425827246 3
421.54308324452137 2
470.603425827246 2
525.1149175858292 2
585.6832417620324 2
652.9813797355919 2
727.757088595102 2
810.8412095501134 2
903.156899500126 2
1005.7298883334732 1
810.8412095501134 1
421.5430832445219 2
470.6034258272465 2
525.1149175858294 1
92.23432750342461 1
191.1886879322948 0
240.72677522505631 0
301.8849076852553 0
470.60342582724576 1
585.683241762032 1
470.60342582724627 0
1119.6998759260814 1
903.156899500126 1
585.6832417620327 1
104.70480833713918 2
118.56089815237738 2
133.95655350264207 2
151.0628372251584 2
170.06981913906534 0
214.6540977025507 0
269.6964169167298 0
525.1149175858288 2
585.683241762032 2
652.9813797355915 1
585.6832417620324 3
525.1149175858292 3
470.60342582724627 3
421.54308324452165 0
525.1149175858294 1
421.5430832445219 1
1246.3331954734238 1
1005.7298883334732 1
525.1149175858294 2
585.6832417620327 2
652.9813797355919 1
118.56089815237786 0
240.72677522505683 0
214.65409770255116 3
727.7570885951017 1
585.6832417620327 1
470.6034258272465 1
1387.0368838593597 1
1119.6998759260814 1
727.757088595102 1
81.01089475308274 2
92.23432750342567 2
104.70480833714008 0
92.23432750342607 3
81.01089475308346 3
70.90980527777512 3
61.81882474999761 3
214.65409770255116 0
652.9813797355915 2
727.7570885951017 2
810.8412095501134 1
903.156899500126 2
1005.7298883334732 1
903.156899500126 3
810.8412095501134 3
727.757088595102 3
652.9813797355919 3
585.6832417620327 3
525.1149175858294 3
1543.3743153992884 1
1246.3331954734238 1
1005.7298883334732 1
903.156899500126 3
810.8412095501134 3
70.90980527777447 0
92.23432750342607 0
70.90980527777512 0
53.63694227499785 0
191.18868793229603 0
903.156899500126 1
1119.6998759260814 1
1717.082572665876 1
1387.0368838593597 1
1119.6998759260814 1
727.757088595102 0
61.81882474999702 0
81.01089475308346 0
61.81882474999761 0
53.63694227499785 3
46.273248047498065 0
170.06981913906642 0
151.0628372251598 3
133.95655350264383 3
1005.7298883334732 1
1246.3331954734238 2
1387.0368838593597 2
1543.3743153992884 2
1717.082572665876 1
1543.3743153992884 3
2362.8293177858377 1
1910.0917474065288 1
1717.082572665876 3
1543.3743153992884 3
1387.0368838593597 3
1246.3331954734238 3
652.9813797355919 0
53.63694227499732 0
39.64592324274826 0
151.0628372251598 0
1119.6998759260814 1
1910.0917474065288 1
2627.5881308731527 1
2124.546386007254 1
1387.0368838593597 0
1119.6998759260814 0
585.6832417620327 0
46.27324804749759 0
15.220321215609733 2
19.133690239566633 2
23.48187804396317 2
28.31319782662592 2
33.681330918473435 0
133.95655350264383 0
1005.7298883334732 2
1119.6998759260814 2
1246.3331954734238 2
1387.0368838593597 2
1543.3743153992884 2
1717.082572665876 2
1910.0917474065288 2
2124.546386007254 2
2362.8293177858377 2
2627.5881308731527 2
2921.7645898590586 1
2627.5881308731527 3
2362.8293177858377 3
1246.3331954734238 0
1005.7298883334732 0
525.1149175858294 0
39.645923242747834 0
11.69828909404876 0
28.31319782662609 0
23.481878043963484 3
903.156899500126 0
1119.6998759260814 0
1387.0368838593597 0
1717.082572665876 0
2124.546386007254 0
3248.627322065621 1
33.68133091847305 0
8.528460184643885 0
3.108052749561547 1
23.481878043963484 0
652.9813797355919 2
727.757088595102 2
810.8412095501134 0
1005.7298883334732 0
1246.3331954734238 0
1543.3743153992884 0
1717.082572665876 2
1910.0917474065288 0
3611.8081356284674 1
4015.342372920519 2
4463.713747689466 1
4961.904164099406 2
5515.449071221563 2
6130.498968023959 2
6813.887742248843 2
7573.208602498715 2
8416.898447220794 1
28.313197826625746 0
5.675614166179496 0
5.6756141661796695 1
19.133690239567137 0
727.757088595102 0
903.156899500126 0
1119.6998759260814 0
4015.342372920519 1
4961.904164099406 1
9354.331608023103 1
23.48187804396317 0
3.108052749561547 0
8.528460184644238 2
11.698289094049269 2
15.220321215610426 0
11.698289094049384 3
8.528460184644446 3
652.9813797355919 0
810.8412095501134 0
903.156899500126 2
1005.7298883334732 0
2921.7645898590586 2
3248.627322065621 2
3611.8081356284674 2
4015.342372920519 2
4463.713747689466 2
4961.904164099406 2
5515.449071221563 2
6130.498968023959 2
6813.887742248843 2
7573.208602498715 2
8416.898447220794 1
10395.924008914559 1
19.133690239566853 0
0.7972474746053924 0
5.675614166179815 0
11.698289094049384 0
5.675614166180002 0
727.757088595102 0
903.156899500126 0
3248.627322065621 0
4015.342372920519 0
4961.904164099406 0
9354.331608023103 1
11553.248898793954 1
15.22032121561017 0
0.0 0
3.1080527495618337 1
8.528460184644446 1
3.1080527495620016 0
0.7972474746058014 3
0.0 0
652.9813797355919 0
810.8412095501134 0
2362.8293177858377 2
2627.5881308731527 2
2921.7645898590586 0
3248.627322065621 2
3611.8081356284674 0
4463.713747689466 0
4015.342372920519 3
3611.8081356284674 3
10395.924008914559 2
11553.248898793954 2
12839.165443104393 1
11.698289094049153 0
0.0 0
5.6756141661799075 1
11.698289094049485 1
0.7972474746058014 0
0.0 0
585.6832417620327 0
727.757088595102 0
652.9813797355919 3
2627.5881308731527 0
9354.331608023103 0
14267.961603449327 1
8.528460184644238 0
0.0 0
8.528460184644446 1
15.220321215610614 1
0.0 0
0.0 0
525.1149175858294 0
652.9813797355919 0
1910.0917474065288 2
2124.546386007254 2
2362.8293177858377 0
2124.546386007254 3
1910.0917474065288 3
5515.449071221563 2
6130.498968023959 2
6813.887742248843 2
7573.208602498715 2
8416.898447220794 0
15855.512892721474 1
5.675614166179815 0
11.698289094049485 1
19.133690239567436 1
0.0 0
585.6832417620327 0
1717.082572665876 0
17619.458769690526 1
3.1080527495618337 2
5.6756141661799075 2
8.528460184644446 2
11.698289094049485 2
15.220321215610614 1
23.48187804396391 2
28.313197826626585 2
33.68133091847405 1
0.0 0
15.220321215610827 1
525.1149175858294 0
470.6034258272465 3
421.5430832445219 3
377.3887749200697 3
337.64989742806273 3
1543.3743153992884 0
1387.0368838593597 3
1246.3331954734238 3
12839.165443104393 2
14267.961603449327 2
15855.512892721474 2
17619.458769690526 2
19579.398632989472 1
0.7972474746056504 0
19.133690239567436 1
39.64592324274901 1
19.133690239567628 1
470.6034258272465 0
1387.0368838593597 0
1119.6998759260814 0
21757.109592210523 1
0.0 0
15.220321215610614 2
19.133690239567436 2
23.48187804396391 1
33.68133091847405 2
39.64592324274901 2
46.273248047498896 1
39.64592324274901 3
33.68133091847411 3
28.3131978266267 3
23.48187804396403 3
421.5430832445219 0
470.6034258272465 2
525.1149175858294 1
1005.7298883334732 2
1119.6998759260814 2
1246.3331954734238 0
1005.7298883334732 0
36859.72631578946 1
33171.75368421052 3
29852.578315789466 1
26865.32048421052 3
24176.78843578947 3
0.0 0
0.0 0
28.313197826626585 1
53.63694227499885 1
470.6034258272465 1
585.6832417620327 1
903.156899500126 0
1119.6998759260814 0
40957.47368421051 1
33171.75368421052 1
0.0 0
23.48187804396391 1
33.68133091847405 2
39.64592324274901 2
46.273248047498896 2
53.63694227499885 2
61.81882474999873 1
53.63694227499886 3
46.273248047498974 3
39.64592324274908 3
33.681330918474174 3
525.1149175858294 2
585.6832417620327 2
652.9813797355919 2
727.757088595102 2
810.8412095501134 0
1005.7298883334732 0
45510.52631578946 2
50569.47368421051 3
45510.52631578946 3
40957.47368421051 3
36859.72631578946 3
19579.398632989472 1
0.0 0
28.313197826626585 1
70.90980527777637 1
39.64592324274908 0
470.6034258272465 0
585.6832417620327 0
903.156899500126 0
40957.47368421051 0
33171.75368421052 0
21757.109592210523 1
0.0 0
33.68133091847405 2
39.64592324274901 2
46.273248047498896 2
53.63694227499885 2
61.81882474999873 2
70.90980527777637 2
81.01089475308494 1
33.681330918474174 0
337.64989742806273 2
377.3887749200697 2
421.5430832445219 0
525.1149175858294 0
652.9813797355919 2
727.757088595102 2
810.8412095501134 0
727.757088595102 3
652.9813797355919 3
36859.72631578946 0
29852.578315789466 0
26865.32048421052 3
24176.78843578947 3
28.31319782662665 0
39.64592324274901 0
92.2343275034277 1
28.31319782662676 0
727.757088595102 0
21757.109592210523 0
15.22032121561077 2
19.133690239567535 2
23.481878043963984 0
33.68133091847411 0
8.528460184644771 1
104.70480833714194 1
23.481878043964084 0
19.133690239567677 3
15.220321215610909 3
214.65409770255198 1
421.5430832445219 2
470.6034258272465 2
525.1149175858294 2
585.6832417620327 2
652.9813797355919 0
337.64989742806273 1
301.88490768525645 3
269.6964169167308 3
240.72677522505774 3
214.65409770255198 3
19579.398632989472 0
11.698289094049693 0
19.133690239567585 0
28.3131978266267 0
11.69828909404978 1
118.56089815237993 1
240.72677522505774 1
377.3887749200697 0
470.6034258272465 0
585.6832417620327 0
377.3887749200697 1
17619.458769690526 0
8.528460184644723 0
15.220321215610827 2
19.133690239567628 2
23.48187804396403 0
19.133690239567628 3
15.220321215610866 3
133.95655350264437 2
151.0628372251604 2
170.0698191390671 2
191.18868793229677 2
214.65409770255198 2
240.72677522505774 2
269.6964169167308 2
301.88490768525645 2
337.64989742806273 0
421.5430832445219 0
470.6034258272465 2
525.1149175858294 0
470.6034258272465 3
421.5430832445219 3
377.3887749200697 3
337.64989742806273 3
12839.165443104393 2
14267.961603449327 2
15855.512892721474 0
